start_time,end_time,open,close,low,high,h_open,h_close,h_low,h_high,finish,atr_14,macd_13_34,st_signal,av2_open,av2_close,histo2,qqe,ema_h200,ema_200,fastk,fastd,xo_signal,macd_hists
2023-06-21 00:00:00,2023-06-21 00:14:59,140.63,141.34,140.4,141.35,140.6087785565628,140.93,140.4,141.35,True,0.5493458521327826,0.056166968785780536,0,139.26802178960585,139.35096752774487,16.513615802472472,16.513615802472472,138.63327687562858,138.64925003699028,80.24493900613193,69.93693526220396,0,2
2023-06-21 00:15:00,2023-06-21 00:29:59,141.35,141.96,141.31,142.33,140.7693892782814,141.7375,141.31,142.33,True,0.5829640055518703,0.1257572129282315,0,139.30949465867533,139.40147355001244,22.517596943046954,22.517596943046954,138.66416466791088,138.68219282269186,92.25980870499704,79.78701328569873,0,2
2023-06-21 00:30:00,2023-06-21 00:44:59,141.95,142.18,141.72,142.35,141.2534446391407,142.05,141.72,142.35,True,0.5863237194410222,0.17691762811515155,0,139.35548410434387,139.4594090045935,27.090432696185346,27.090432696185346,138.69785457171275,138.71699687420735,99.21738541274256,90.5740443746238,0,2
2023-06-21 00:45:00,2023-06-21 00:59:59,142.14,142.47,142.12,142.52,141.65172231957035,142.3125,142.12,142.52,True,0.5730148823380924,0.21837675136385082,0,139.4074465544687,139.52459723381193,30.821819311278077,30.821819311278077,138.73382119288974,138.75434018889186,100.00000000000006,97.15906470591318,0,2
2023-06-21 01:00:00,2023-06-21 01:14:59,142.45,142.47,142.44,142.75,141.98211115978518,142.52749999999997,142.44,142.75,True,0.5542281050282288,0.23146001461546073,0,139.4660218941403,139.59652349157525,33.30941038800657,33.30941038800657,138.77156924072167,138.79131192830587,100.00000000000006,99.73912847091418,0,2
2023-06-21 01:15:00,2023-06-21 01:29:59,142.46,142.36,141.78,142.64,142.25480557989258,142.31,141.78,142.64,True,0.5760689546690685,0.2176892528664408,0,139.53127269285778,139.67176887467485,32.755372804220315,32.755372804220315,138.80677750698314,138.82682126235258,93.29954318654727,97.76651439551576,0,2
2023-06-21 01:30:00,2023-06-21 01:44:59,142.34,141.9,141.62,142.43,142.28240278994627,142.0725,141.62,142.43,True,0.5927783150498495,0.1628194099663618,0,139.60152078376632,139.74748166257194,24.93090579345933,24.93090579345933,138.83927225815742,138.8574001552645,78.92694721574419,90.74216346743047,0,1
2023-06-21 01:45:00,2023-06-21 01:59:59,141.93,141.89,141.71,142.73,142.17745139497313,142.065,141.71,142.73,True,0.6232941496891448,0.11443261218297618,0,139.67450122316913,139.82299151333436,19.57438870235427,19.57438870235427,138.87136905160858,138.88757527809767,62.27006451497122,78.16551830575419,0,1
2023-06-21 02:00:00,2023-06-21 02:14:59,141.89,142.03,141.76,142.13,142.12122569748658,141.9525,141.76,142.13,True,0.6052017104256348,0.08250865553111097,0,139.74874636825174,139.89705164274534,17.46385532602774,17.46385532602774,138.90202707099556,138.9188431857783,44.65256586083553,61.949859197183606,0,1
2023-06-21 02:15:00,2023-06-21 02:29:59,142.03,141.84,141.61,142.13,142.03686284874328,141.9025,141.61,142.13,True,0.5991158739666594,0.039898470700447275,0,139.82289900549853,139.96911921191972,12.94082591309271,0.0,138.93188252302545,138.9479094227357,32.57793928970913,46.500189888505254,0,1
2023-06-21 02:30:00,2023-06-21 02:44:59,141.85,141.98,141.85,142.4,141.96968142437163,142.01999999999998,141.85,142.4,True,0.596321882969041,0.014855853630317606,0,139.8960091087091,140.03992973919821,11.701899464305853,0.0,138.96261006010977,138.97807947823088,25.24044456895513,34.15698323983323,0,1
2023-06-21 02:45:00,2023-06-21 02:59:59,141.95,142.01,141.8,142.1,141.9948407121858,141.965,141.8,142.1,True,0.5751560341855368,-0.005271542298616594,0,139.96796942395363,140.1088873945396,11.268281819672033,0.0,138.99248458687484,139.00824784163157,20.778734394131373,26.19903941759851,0,1
2023-06-21 03:00:00,2023-06-21 03:14:59,142.0,141.54,141.26,142.16,141.97992035609292,141.73999999999998,141.26,142.16,True,0.598359174600856,-0.05559452597896197,0,140.0384284092466,140.17436940864516,3.896772708245699,0.0,139.019823048697,139.03343940539642,13.892623602727525,19.970600855271307,0,1
2023-06-21 03:15:00,2023-06-21 03:29:59,141.55,141.65,141.5,141.81,141.85996017804644,141.6275,141.5,141.85996017804644,True,0.5777620907007951,-0.08331828708358069,0,140.10639890894586,140.2358938800686,0.8060393852335324,0.0,139.04577008303832,139.05947483419845,4.553667690921153,13.075008562593313,0,1
2023-06-21 03:30:00,2023-06-21 03:44:59,141.65,141.7,141.26,141.81,141.74373008902322,141.60500000000002,141.26,141.81,True,0.5757790842221677,-0.09916447454338206,0,140.17114639450722,140.29372605307563,-0.3915114636789596,-0.0,139.07123505733645,139.08574871644524,4.796163466380676e-14,6.148763764549538,0,1
2023-06-21 03:45:00,2023-06-21 03:59:59,141.7,141.9,141.64,141.94,141.6743650445116,141.79500000000002,141.64,141.94,True,0.5560805782062994,-0.0961723700962207,0,140.2324362237914,140.34955806542197,2.03492912982243,0.0,139.09833719606942,139.11375121677912,4.52395085177466,3.0258728475652497,0,1
2023-06-21 04:00:00,2023-06-21 04:14:59,141.92,141.31,141.05,142.4,141.7346825222558,141.67000000000002,141.05,142.4,True,0.6127891083344205,-0.13514948508912517,0,140.29099714460668,140.4025746373007,-3.8091305815723047,-3.8091305815723047,139.12392588068565,139.13560443850272,4.623505082560148,3.0491519781115812,0,1
2023-06-21 04:15:00,2023-06-21 04:29:59,141.31,141.59,141.26,141.7,141.7023412611279,141.46499999999997,141.26,141.7023412611279,True,0.600447029167676,-0.13963319722629042,0,140.34678589095367,140.45160432502473,-3.708355125470078,-3.708355125470078,139.14722015052956,139.1600262848858,4.623505082560148,4.590320338964948,0,-2
2023-06-21 04:30:00,2023-06-21 04:44:59,141.59,141.93,141.59,142.16,141.58367063056394,141.8175,141.59,142.16,True,0.5982722413699844,-0.11727230069100336,0,140.3991951079892,140.4995772398879,0.11468631838783949,0.0,139.17379009928052,139.18758821239936,9.060912077360443,6.102640747493543,0,-1
2023-06-21 04:45:00,2023-06-21 04:59:59,141.94,141.96,141.53,142.27,141.70058531528196,141.92499999999998,141.53,142.27,True,0.6083956527007004,-0.09962517937164317,0,140.44938617393854,140.5471265691549,2.970468482305904,0.0,139.20116532217327,139.21517439934067,23.87849033069712,12.5209691635392,0,-1
2023-06-21 05:00:00,2023-06-21 05:14:59,141.96,141.48,141.25,142.25,141.81279265764095,141.735,141.25,142.25,True,0.6363673917935075,-0.12062675297867198,0,140.49825637154672,140.59271256547896,-0.8992267961855305,-0.0,139.22637760752477,139.2377099774567,30.418325807571264,21.119242738542905,0,-2
2023-06-21 05:15:00,2023-06-21 05:29:59,141.48,141.39,141.26,141.59,141.77389632882048,141.43,141.26,141.77389632882048,True,0.6144840066654007,-0.13873316440395267,0,140.54548446851283,140.63434742319907,-4.337623165279865,-4.337623165279865,139.24830419849468,139.25912579857652,21.456967960996355,25.251261366421545,0,-2
2023-06-21 05:30:00,2023-06-21 05:44:59,141.38,140.86,140.67,141.39,141.60194816441026,141.075,140.67,141.60194816441026,True,0.6220208633321577,-0.1840997493760318,0,140.58991594585595,140.67015018477838,-10.580768601420147,-10.580768601420147,139.2664802761216,139.2750548951081,6.539835476874193,19.47170974848057,0,-2
2023-06-21 05:45:00,2023-06-21 05:59:59,140.86,140.93,140.54,140.95,141.33847408220512,140.82,140.54,141.33847408220512,True,0.6068765159512891,-0.20361057579862107,0,140.63003306531718,140.69936607984835,-13.617722675478952,-13.617722675478952,139.2819381838219,139.29152201057965,4.7369515717340014e-14,9.332267812623497,0,-2
2023-06-21 06:00:00,2023-06-21 06:14:59,140.93,141.13,140.92,141.36,141.07923704110254,141.085,140.92,141.36,True,0.5949567648119132,-0.19628215538364235,0,140.66469957258278,140.7250138183007,-12.466025415221637,-12.466025415221637,139.2998790974157,139.30981532390723,6.677708350538388,4.405847942470842,0,-2
2023-06-21 06:15:00,2023-06-21 06:29:59,141.14,140.99,140.82,141.19,141.08211852055126,141.035,140.82,141.19,True,0.5788884244682054,-0.1949241964516662,0,140.69485669544176,140.74733329802015,-13.066262830413407,-13.066262830413407,139.31714398201854,139.32653357939074,13.899745182608976,6.85915117771577,-1,-2
2023-06-21 06:30:00,2023-06-21 06:44:59,141.0,141.42,140.99,141.44,141.05855926027562,141.21249999999998,140.99,141.44,True,0.5696821084347613,-0.15808333535062524,0,140.72109499673095,140.76809711963102,-7.5708279484411705,-7.5708279484411705,139.33600324587906,139.3473640910386,26.6984381662302,15.758630566459155,1,-1
2023-06-21 06:45:00,2023-06-21 06:59:59,141.42,141.48,141.36,141.69,141.1355296301378,141.4875,141.36,141.69,True,0.5525619578322772,-0.12506910459403586,0,140.744596058181,140.78938049122772,-3.2232318361172503,-3.2232318361172503,139.35741117378075,139.36858434883922,40.65980011217684,27.08599448700531,0,-1
2023-06-21 07:00:00,2023-06-21 07:14:59,141.48,141.55,141.45,141.7,141.3115148150689,141.545,141.45,141.7,True,0.530950389415686,-0.09512127033966877,0,140.76698827470435,140.81132139276795,0.5373714136845535,0.0,139.37917822677795,139.390289977209,55.63409033758622,40.99744287199772,0,-1
2023-06-21 07:15:00,2023-06-21 07:29:59,141.56,142.34,141.35,142.34,141.42825740753443,141.8975,141.35,142.34,True,0.5637396473145662,-0.01897382332863992,0,140.78915483373615,140.8360479592103,9.200166393610075,0.0,139.40423615486972,139.41964032569447,73.94123501691439,56.74504182222578,0,-1
2023-06-21 07:30:00,2023-06-21 07:44:59,142.34,141.98,141.84,142.43,141.6628787037672,142.14749999999998,141.84,142.43,True,0.5656153867920974,0.004798057449201476,0,140.81260139647324,140.86451331454515,10.025343941709124,0.0,139.4315323125327,139.4451165413592,86.63549805376276,72.07027446942108,0,-1
2023-06-21 07:45:00,2023-06-21 07:59:59,141.95,141.7,141.61,142.04,141.9051893518836,141.825,141.61,142.04,True,0.5559285734498032,-0.0008818968867604637,0,140.83855735550918,140.89351424909148,7.422945005941955,0.0,139.45534791141299,139.46755319268897,88.15909930572384,82.91194412546696,0,-2
2023-06-21 08:00:00,2023-06-21 08:14:59,141.7,141.52,140.95,141.84,141.8650946759418,141.5025,140.95,141.8650946759418,True,0.5797908182033896,-0.018489763163819645,0,140.86603580230033,140.92052517869766,3.846796006475728,0.0,139.47571758393624,139.48797554898061,72.5027284119581,82.43244192381486,0,-2
2023-06-21 08:15:00,2023-06-21 08:29:59,141.52,141.51,141.25,141.98,141.6837973379709,141.565,141.25,141.98,True,0.5905200454745755,-0.03133150216397576,0,140.893280490499,140.94621285618385,1.353701838252178,0.0,139.49650646369807,139.50809519525941,56.095969207865544,72.25259897518247,0,-2
2023-06-21 08:30:00,2023-06-21 08:44:59,141.5,141.86,141.33,141.92,141.62439866898546,141.6525,141.33,141.92,True,0.5904828993692469,-0.01577835834562774,0,140.91974667334142,140.97128282623774,3.7546315443007146,0.0,139.51795913570106,139.53149723311753,51.414365868022294,60.00435449594861,0,-1
2023-06-21 08:45:00,2023-06-21 08:59:59,141.84,143.02,141.81,143.13,141.63844933449275,142.45,141.81,143.13,True,0.6425912637000144,0.07300325975753608,0,140.94551474978957,141.0011661623437,11.913778826172845,11.913778826172845,139.54713367166423,139.56620870343477,69.29823243217199,58.93618916935324,0,2
2023-06-21 09:00:00,2023-06-21 09:14:59,143.01,143.65,142.7,144.27,142.04422466724637,143.4075,142.7,144.27,True,0.7088347448643006,0.16868116856960125,0,140.97334045606664,141.04120353219494,19.0677791320867,19.0677791320867,139.5855452769213,139.60684344270408,85.70499163626454,68.80586331215291,0,2
2023-06-21 09:15:00,2023-06-21 09:29:59,143.64,143.08,142.86,143.7,142.72586233362318,143.32,142.86,143.7,True,0.718203691659706,0.18196088547933514,0,141.00727199413078,141.08836020223427,18.162803483711997,18.162803483711997,139.62270403038477,139.64140221441846,98.0821053571608,84.36177647519908,0,2
2023-06-21 09:30:00,2023-06-21 09:44:59,143.08,142.59,142.55,143.08,143.0229311668116,142.82500000000002,142.55,143.08,True,0.7047605708268699,0.14656005203183387,0,141.04781609818252,141.1374021760578,13.711550776448156,13.711550776448156,139.65456767187348,139.67074149586705,86.10980071291179,89.96563256877901,0,1
2023-06-21 09:45:00,2023-06-21 09:59:59,142.61,142.97,142.58,142.97,142.9239655834058,142.78250000000003,142.58,142.97,True,0.682277672910664,0.14069303887216894,0,141.09260913712015,141.1873003875171,12.843076539948022,12.843076539948022,139.68569137663096,139.70356993869424,71.42798972331477,85.20663193112908,0,2
2023-06-21 10:00:00,2023-06-21 10:14:59,142.94,142.73,142.55,143.04,142.8532327917029,142.815,142.55,143.04,True,0.6685435534170437,0.11143997290759888,0,141.1399547623186,141.2377533506556,10.318468815392464,0.0,139.71682877586846,139.73368367064754,57.407978136041926,71.64858952408946,0,1
2023-06-21 10:15:00,2023-06-21 10:29:59,142.73,142.62,142.56,142.93,142.83411639585145,142.71,142.56,142.93,True,0.6472190138872552,0.07711285376811511,0,141.1888540564871,141.2875765010466,7.7158294992057606,0.0,139.74661157411853,139.76240323611373,50.58769524864596,59.80788770266751,0,1
2023-06-21 10:30:00,2023-06-21 10:44:59,142.62,142.53,142.42,142.77,142.77205819792573,142.58499999999998,142.42,142.77205819792573,True,0.6259890843238816,0.04229195155160259,0,141.23821527876683,141.33570432270233,5.16302617871127,0.0,139.77485424502282,139.7899415123713,43.0597416328562,50.351805005847986,0,1
2023-06-21 10:45:00,2023-06-21 10:59:59,142.53,142.91,142.48,143.08,142.67852909896285,142.75,142.48,143.08,True,0.6241327211578916,0.04087471425085465,0,141.28695980073456,141.3832992675551,6.64742488578041,0.0,139.80445768537086,139.82098687045718,40.01815297837772,44.55519661995992,0,2
2023-06-21 11:00:00,2023-06-21 11:14:59,142.92,142.56,142.32,143.02,142.7142645494814,142.705,142.32,143.02,True,0.6295518125037578,0.010993722857273347,0,141.3351295341448,141.42983937496024,4.167238276619763,0.0,139.83331880292937,139.8482407324427,38.498716803849334,40.525537138361045,0,1
2023-06-21 11:15:00,2023-06-21 11:29:59,142.57,142.8,142.48,142.86,142.70963227474073,142.6775,142.48,142.86,True,0.6117266830392054,0.004490832557116908,0,141.38248445455253,141.47504100754878,4.6407668779532045,0.0,139.86161911334798,139.87761147142336,39.54045887210585,39.352442884777595,0,1
2023-06-21 11:30:00,2023-06-21 11:44:59,142.79,142.93,142.55,143.04,142.69356613737037,142.82750000000001,142.55,143.04,True,0.6030319199649751,0.005844377658882904,0,141.42876273105065,141.51990787775108,6.074050209968831,0.0,139.89113036595148,139.90798349658334,39.785741090533826,39.2749722554963,0,2
2023-06-21 11:45:00,2023-06-21 11:59:59,142.93,142.98,142.74,143.06,142.7605330686852,142.9275,142.74,143.06,True,0.5828153542531906,0.006721321211621056,0,141.47433530440088,141.56488945907503,7.490390352644027,0.0,139.9213429991261,139.93855082497555,42.378190697474075,40.56813022003789,0,2
2023-06-21 12:00:00,2023-06-21 12:14:59,142.99,142.59,142.41,143.03,142.8440165343426,142.755,142.41,143.03,True,0.585471400377963,-0.02293164785987223,0,141.51961238173797,141.60846919833983,3.6162296178717597,0.0,139.9495385911746,139.9649334038315,31.01696904783145,37.72696694527975,0,1
2023-06-21 12:15:00,2023-06-21 12:29:59,142.59,142.81,142.57,142.89,142.7995082671713,142.71499999999997,142.57,142.89,True,0.5665091574938222,-0.029125771383378685,0,141.56404079003892,141.65037181159744,3.5518727388985667,0.0,139.97705562011814,139.9932425241914,16.417848380660725,29.93766937532205,0,1
2023-06-21 12:30:00,2023-06-21 12:44:59,142.82,143.16,142.75,143.18,142.75725413358563,142.97750000000002,142.75,143.18,True,0.5567585033871211,-0.010913091632961613,0,141.6072063008182,141.69246754442568,6.775450908985675,0.0,140.00691078807716,140.0247525488263,11.276694830713362,19.57050408640181,0,2
2023-06-21 12:45:00,2023-06-21 12:59:59,143.17,143.69,143.12,143.74,142.8673770667928,143.43,143.12,143.74,True,0.5612757531451842,0.03462229586435478,0,141.64983692262194,141.7375311313733,12.315079259241493,12.315079259241493,140.04097137725051,140.0612226727186,43.805939017486246,23.833494076286744,0,2
2023-06-21 13:00:00,2023-06-21 13:14:59,143.68,143.86,143.59,143.86,143.1486885333964,143.7475,143.59,143.86,True,0.5404703422062431,0.07103596387714989,0,141.69368402699763,141.78680053426086,16.861435898658442,16.861435898658442,140.07785225906892,140.09902145209455,77.13927235081958,44.07396873300636,0,2
2023-06-21 13:15:00,2023-06-21 13:29:59,143.86,143.9,143.73,144.11,143.4480942666982,143.9,143.73,144.11,True,0.5290081749057989,0.09088699882855666,0,141.74024228062925,141.84008947729407,20.104325127871718,20.104325127871718,140.1158835798742,140.13684213416326,100.00000000000007,73.64840378943526,0,2
2023-06-21 13:30:00,2023-06-21 13:44:59,143.89,143.99,143.71,144.02,143.67404713334912,143.9025,143.71,144.02,True,0.5133647338410992,0.10241869802107828,0,141.79016587896166,141.89619456639022,22.786334413038176,22.786334413038176,140.15356135519883,140.1751820134253,100.00000000000007,92.3797574502732,0,2
2023-06-21 13:45:00,2023-06-21 13:59:59,143.98,144.56,143.96,144.58,143.78827356667455,144.27,143.96,144.58,True,0.5209815385667352,0.14080101372574838,0,141.84318022267595,141.9566533273329,27.023136097880823,27.023136097880823,140.1945209437043,140.21881204314246,100.00000000000007,100.00000000000004,0,2
2023-06-21 14:00:00,2023-06-21 14:14:59,144.56,143.92,143.91,144.58,144.02913678333726,144.2425,143.91,144.58,True,0.5316257143833981,0.11161847954173187,0,141.8999167750044,142.0199362740968,20.96235336258043,20.96235336258043,140.2347993422744,140.25563978400672,98.63322502745929,99.54440834248645,0,1
2023-06-21 14:15:00,2023-06-21 14:29:59,143.92,143.55,143.48,144.03,144.13581839166864,143.745,143.48,144.13581839166864,True,0.5329381633560134,0.05839548928363403,0,141.9599265245506,142.08159515483135,13.433917827433866,13.433917827433866,140.26972671200303,140.28841948764844,75.22488177062785,91.28603559936238,0,1
2023-06-21 14:30:00,2023-06-21 14:44:59,143.55,143.14,143.03,143.58,143.94040919583432,143.32500000000002,143.03,143.94040919583432,True,0.5341568659734418,-0.010818984831671985,0,142.02076083969098,142.13867070481047,5.331011734775807,0.0,140.30012744123684,140.31679342309474,41.89154843729452,71.9165517451272,0,1
2023-06-21 14:45:00,2023-06-21 14:59:59,143.15,143.12,142.82,143.24,143.63270459791715,143.08249999999998,142.82,143.63270459791715,True,0.5260028041181971,-0.06050433337054473,0,142.07971577225072,142.19008235939225,-0.2153089610025205,-0.0,140.32781274032902,140.34468602585002,9.92499007650197,42.34714009480809,0,1
2023-06-21 15:00:00,2023-06-21 15:14:59,143.12,143.4,143.12,144.01,143.35760229895857,143.4125,143.12,144.01,True,0.5520026038240392,-0.07466252248666438,0,142.1348990658215,142.2389462016143,-0.7080242913086181,-0.0,140.35850614589788,140.37508715992118,6.402620517272061,19.406386343689498,0,1
2023-06-21 15:15:00,2023-06-21 15:29:59,143.39,143.81,143.35,143.89,143.3850511494793,143.60999999999999,143.35,143.89,True,0.5511452749794644,-0.05617945796263002,0,142.1869226337179,142.28682393535956,2.6859589514520863,0.0,140.3908593185755,140.4092653971359,16.30301886398752,10.8768764859205,0,2
2023-06-21 15:30:00,2023-06-21 15:44:59,143.81,143.33,143.26,143.93,143.49752557473965,143.58249999999998,143.26,143.93,True,0.5596348981952181,-0.07835952547930147,0,142.23687328453872,142.33340812755102,0.3327856081716547,0.0,140.42261693729614,140.4383274329853,25.523712029429205,16.076450470229577,0,-2
2023-06-21 15:45:00,2023-06-21 15:59:59,143.33,142.86,142.82,143.45,143.54001278736982,143.115,142.82,143.54001278736982,True,0.5646609768955593,-0.12502006467914395,0,142.28514070604487,142.37544674111138,-4.503016373792626,-4.503016373792626,140.44940681851708,140.4624236774332,19.12109151215722,20.315940801857966,0,-2
2023-06-21 16:00:00,2023-06-21 16:14:59,142.86,142.47,142.09,142.97,143.32750639368493,142.59750000000003,142.09,143.32750639368493,True,0.5871851928315904,-0.1797231865628383,0,142.3302937235781,142.41006755870959,-9.83110943021697,-9.83110943021697,140.47078088002436,140.48239956123984,9.220693165441759,17.955165569009377,0,-2
2023-06-21 16:15:00,2023-06-21 16:29:59,142.48,142.24,141.93,142.48,142.96250319684248,142.2825,141.93,142.96250319684248,True,0.5845291076293327,-0.22590517163745233,-1,142.37018064114383,142.4364495227623,-14.473903590681118,-14.473903590681118,140.48880793594452,140.49988812281956,7.460698725481052e-14,9.447261559199665,0,-2
2023-06-21 16:30:00,2023-06-21 16:44:59,142.22,142.2,142.04,142.33,142.62250159842125,142.1975,142.04,142.62250159842125,True,0.563491314227239,-0.2511071078343907,0,142.40331508195305,142.455580780754,-17.766915105409282,-17.766915105409282,140.50580984702964,140.5168046589109,7.460698725481052e-14,3.073564388480617,-1,-2
2023-06-21 16:45:00,2023-06-21 16:59:59,142.23,142.16,142.06,142.34,142.41000079921062,142.1975,142.06,142.41000079921062,True,0.5432419346395791,-0.26120331389449036,0,142.4294479313535,142.46887224609733,-20.188136028931943,-20.188136028931943,140.52264258487014,140.53315486130978,7.460698725481052e-14,5.565918096787451e-14,0,-2
2023-06-21 17:00:00,2023-06-21 17:14:59,142.19,142.24,142.05,142.36,142.3037503996053,142.21,142.05,142.36,True,0.526581796451038,-0.25242487813463255,0,142.44916008872542,142.47756057132582,-20.310904707790655,-20.310904707790655,140.53943221089133,140.55013839502809,0.22426203874904513,0.07475401291637916,0,-2
2023-06-21 17:15:00,2023-06-21 17:29:59,142.3,142.35,142.27,142.41,142.25687519980266,142.33249999999998,142.27,142.41,True,0.5011116681331058,-0.22936827738626525,0,142.4633603300256,142.48340568109353,-18.285998964246673,-18.285998964246673,140.55727368142973,140.56804746572433,2.7581886809800378,0.9941502399097003,0,-2
2023-06-21 17:30:00,2023-06-21 17:44:59,142.36,142.68,142.17,142.73,142.29468759990132,142.485,142.17,142.73,True,0.5053179775521699,-0.18265540709953226,0,142.47338300555955,142.4880185158431,-11.71486129462248,-11.71486129462248,140.57645503783343,140.5890619188017,10.732424749804123,4.5716251565110495,0,-1
2023-06-21 17:45:00,2023-06-21 17:59:59,142.68,143.27,142.61,143.39,142.38984379995065,142.9875,142.61,143.39,True,0.5249381220127273,-0.10461856259009958,0,142.48070076070132,142.49507720724392,-1.7730530983947261,-0.0,140.60044553496942,140.61573791960964,34.95218668222547,16.147600037669857,0,-1
2023-06-21 18:00:00,2023-06-21 18:14:59,143.27,143.27,143.04,143.38,142.68867189997533,143.24,143.04,143.38,True,0.5117282561546755,-0.05011984194877239,0,142.48788898397262,142.50574552718217,4.8548190324237765,0.0,140.62670975850207,140.64214848757373,62.99413447098626,36.226248634338596,0,-1
2023-06-21 18:15:00,2023-06-21 18:29:59,143.28,143.43,143.02,143.47,142.96433594998769,143.3,143.02,143.47,True,0.5073190950007693,-0.002232863393125145,0,142.4968172555774,142.51959420084071,10.530532942723255,10.530532942723255,140.65330966140255,140.66988830361777,87.01262396363622,61.65298170561596,1,-1
2023-06-21 18:30:00,2023-06-21 18:44:59,143.42,143.18,142.56,143.68,143.13216797499385,143.21,142.56,143.68,True,0.551082016786429,0.01111875367222985,0,142.50820572820908,142.53523427700864,9.965493558214504,9.965493558214504,140.6787493662642,140.69486453940266,91.63737579386695,80.54804474282979,0,-1
2023-06-21 18:45:00,2023-06-21 18:59:59,143.18,143.61,143.15,143.61,143.17108398749693,143.38750000000002,143.15,143.61,True,0.5445761584445418,0.0481531603324766,0,142.52172000260887,142.55339526818025,13.328241695946666,13.328241695946666,140.70570210888846,140.72387086239368,94.39483469620849,91.01494481790387,0,-1
2023-06-21 19:00:00,2023-06-21 19:14:59,143.61,144.45,143.53,144.58,143.27929199374847,144.04250000000002,143.53,144.58,True,0.5806778614127897,0.12687211448021668,1,142.53755763539456,142.57791038631927,19.461237123499316,19.461237123499316,140.73890407795426,140.76094677421065,95.73544246806777,93.92255098604772,0,2
2023-06-21 19:15:00,2023-06-21 19:29:59,144.44,144.74,144.32,144.86,143.66089599687425,144.59,144.32,144.86,True,0.5777722998833061,0.19108566038550712,0,142.55773401085693,142.6110163857713,24.396784946392046,24.396784946392046,140.77722344036266,140.8005393436215,100.00000000000006,96.7100923880921,0,2
2023-06-21 19:30:00,2023-06-21 19:44:59,144.75,144.7,144.6,144.9,144.12544799843712,144.73749999999998,144.6,144.9,True,0.5579314213202137,0.2200974106388882,0,142.58437519831412,142.65167091099497,27.05525721031401,27.05525721031401,140.81662917727448,140.83933994716756,100.00000000000006,98.57848082268929,0,2
2023-06-21 19:45:00,2023-06-21 19:59:59,144.69,144.59,144.51,144.88,144.43147399921855,144.6675,144.51,144.88,True,0.5445077483687701,0.21988821130737718,0,142.61802305465454,142.6975092359241,26.930096415569395,26.930096415569395,140.85494629988867,140.87665994769324,98.5417311255091,99.51391037516971,0,2
2023-06-21 20:00:00,2023-06-21 20:14:59,144.58,144.58,144.41,144.78,144.54948699960926,144.5875,144.41,144.78,True,0.5320429091995725,0.20729430786922137,0,142.65776614528932,142.7465654180832,26.655405147289486,26.655405147289486,140.89208613770072,140.91350910244256,95.37041427737881,97.97071513429597,0,2
2023-06-21 20:15:00,2023-06-21 20:29:59,144.59,144.55,144.35,144.87,144.56849349980462,144.59,144.35,144.87,True,0.5311827013996038,0.18554888640729994,0,142.70216578168626,142.79783561694893,25.80685112286919,25.80685112286919,140.92888130050966,140.949693091473,92.20051320004683,95.37088620097823,0,2
2023-06-21 20:30:00,2023-06-21 20:44:59,144.54,143.97,143.88,144.6,144.57924674990232,144.2475,143.88,144.6,True,0.544669651299632,0.12084583076807265,0,142.75000069931758,142.848147244413,15.895443747065926,15.895443747065926,140.96190238209664,140.97974589653296,82.21146204223577,89.92746317322046,0,1
2023-06-21 20:45:00,2023-06-21 20:59:59,143.97,143.8,143.6,144.01,144.41337337495116,143.845,143.6,144.41337337495116,True,0.5350503904925151,0.059191371153471894,0,142.79907397186528,142.89459741255772,7.484291596721121,0.0,140.99058992058323,141.0078081264182,63.91431368121905,79.44209630783386,0,1
2023-06-21 21:00:00,2023-06-21 21:14:59,143.78,143.87,143.48,143.94,144.12918668747557,143.76749999999998,143.48,144.12918668747557,True,0.529689648314479,0.018636585488250423,0,142.8468356922115,142.9371569966541,2.9616596524432452,0.0,141.01822086664708,141.0362876475484,33.83638396898436,59.987386564146384,0,1
2023-06-21 21:15:00,2023-06-21 21:29:59,143.87,143.51,143.31,144.03,143.94834334373778,143.68,143.31,144.03,True,0.5432832448634447,-0.03597192931283805,0,142.8919963444328,142.97576114950766,-3.7552918393452117,-3.7552918393452117,141.04470623115805,141.06090170080662,11.950370667953043,36.56702277271881,0,-2
2023-06-21 21:30:00,2023-06-21 21:44:59,143.5,143.33,143.19,143.5,143.8141716718689,143.38,143.19,143.8141716718689,True,0.5273344416589124,-0.08481321252450147,0,142.93387874697024,143.00892797894463,-9.674086583647508,-9.674086583647508,141.06794298507688,141.08347979333593,0.08550254376670334,15.290752393568022,0,-2
2023-06-21 21:45:00,2023-06-21 21:59:59,143.34,143.94,143.33,144.34,143.59708583593445,143.7375,143.33,144.34,True,0.5618105529689894,-0.07342303090306918,0,142.97140336295743,143.04003923588422,-5.30436954505376,-5.30436954505376,141.09450574144427,141.1119028799694,7.538331792745912,6.524735001488541,0,-1
2023-06-21 22:00:00,2023-06-21 22:14:59,143.94,143.52,143.33,144.11,143.66729291796725,143.72500000000002,143.33,144.11,True,0.5773955134712045,-0.09411145644865876,0,143.00572129942083,143.069232906539,-6.376420013581274,-6.376420013581274,141.1206798136687,141.13586404534283,14.801848503511508,7.475227613341363,0,-2
2023-06-21 22:15:00,2023-06-21 22:29:59,143.52,143.84,143.33,144.12,143.69614645898363,143.70250000000001,143.33,144.12,True,0.5925815482232607,-0.08371430693983978,0,143.03747710297992,143.09656217447107,-3.7784061727109304,-3.7784061727109304,141.1463695667665,141.1627708707623,21.539139497000832,14.626439931086074,0,-2
2023-06-21 22:30:00,2023-06-21 22:44:59,143.84,143.85,143.8,144.45,143.69932322949182,143.985,143.8,144.45,True,0.5966828662073118,-0.07480665879102194,0,143.0670196387255,143.12417432761504,-1.9439193699814226,-0.0,141.17461464570417,141.18950946906318,26.70614161355537,21.01570987135589,0,-2
2023-06-21 22:45:00,2023-06-21 22:59:59,143.86,144.07,143.65,144.15,143.84216161474592,143.9325,143.65,144.15,True,0.5897769471925037,-0.052739820770980494,0,143.09559698317028,143.15145954370874,1.5825399674336467,0.0,141.20205629102054,141.21817106638593,30.783548209652576,26.342943106736247,0,-1
2023-06-21 23:00:00,2023-06-21 23:14:59,144.07,144.19,143.7,144.33,143.88733080737296,144.0725,143.7,144.33,True,0.5926500223930409,-0.02992695668689266,0,143.1235282634395,143.17926070324933,5.114735542837032,0.0,141.2306179199656,141.24774150353633,39.20564376796759,32.23177786372516,0,-1
2023-06-21 23:15:00,2023-06-21 23:29:59,144.2,143.84,143.59,144.26,143.97991540368648,143.9725,143.59,144.26,True,0.598175020793537,-0.039835726046498876,0,143.15139448334443,143.2065912168276,2.6884574432215516,0.0,141.25790032872214,141.27353512041657,39.60738284955363,36.53219160905792,0,-2
2023-06-21 23:30:00,2023-06-21 23:44:59,143.83,143.33,143.0,143.84,143.97620770184324,143.5,143.0,143.97620770184324,True,0.6154482335939989,-0.08136154023920411,0,143.17899285008602,143.23012181865457,-3.512076291101323,-3.512076291101323,141.28020977818758,141.29399745752684,28.279709440234047,35.69757868591841,0,-2
2023-06-21 23:45:00,2023-06-21 23:59:59,143.32,143.37,143.19,143.66,143.73810385092162,143.385,143.19,143.73810385092162,True,0.6050590740515703,-0.1036171965924867,0,143.2045573343703,143.24971025598555,-7.067072446751844,-7.067072446751844,141.30115296447428,141.314654199243,13.12032288842971,27.002471726072447,0,-2
