start_time,end_time,open,close,low,high,h_open,h_close,h_low,h_high,finish,atr_14,macd_13_34,st_signal,av2_open,av2_close,histo2,qqe,ema_h200,ema_200,fastk,fastd,xo_signal,macd_hists
2023-06-23 00:00:00,2023-06-23 00:14:59,4.795,4.811,4.789,4.815,4.798777826444736,4.8025,4.789,4.815,True,0.03388694349039499,-0.005445220266234112,0,4.864427772623698,4.860848381727415,-10.156565944621867,-10.156565944621867,4.734576533268364,4.735041345065498,34.88028870999332,29.95647935357275,0,-1
2023-06-23 00:15:00,2023-06-23 00:29:59,4.812,4.831,4.8,4.832,4.800638913222368,4.8187500000000005,4.8,4.832,True,0.03375216181250964,-0.0022850112815352153,0,4.862638077175557,4.859093498469023,-4.256421323499978,-0.0,4.735414080201017,4.7359961575524085,52.107098654006535,38.66686231218936,0,-1
2023-06-23 00:30:00,2023-06-23 00:44:59,4.831,4.847,4.83,4.856,4.809694456611185,4.841,4.83,4.856,True,0.03319843596875894,0.0011092231367883856,0,4.8608657878222905,4.8575877258970195,1.8743094264921254,0.0,4.736464686368171,4.737100673397658,73.07274935598899,53.35337890666296,0,-1
2023-06-23 00:45:00,2023-06-23 00:59:59,4.848,4.851,4.813,4.852,4.825347228305592,4.841,4.813,4.852,True,0.03361283339956191,0.003677699844214094,0,4.859226756859655,4.856288411121484,6.493522268242536,6.493522268242536,4.737504838742617,4.738234000030517,92.48918719477275,72.5563450682561,0,-1
2023-06-23 01:00:00,2023-06-23 01:14:59,4.852,4.832,4.828,4.855,4.833173614152797,4.84175,4.828,4.855,True,0.03314048815673607,0.004013832285820328,0,4.85775758399057,4.855165702499773,5.1393485187354955,5.1393485187354955,4.7385421040287605,4.739166995055089,100.00000000000004,88.5206455169206,0,-1
2023-06-23 01:15:00,2023-06-23 01:29:59,4.831,4.835,4.826,4.838,4.837461807076398,4.8325000000000005,4.826,4.838,True,0.031630453288397815,0.00439361239486475,0,4.856461643245172,4.854126275283026,4.822054055930458,4.822054055930458,4.739477008466285,4.740120557293347,95.25841453500095,95.91586724325792,0,-1
2023-06-23 01:30:00,2023-06-23 01:44:59,4.835,4.871,4.833,4.871,4.834980903538199,4.8525,4.833,4.871,True,0.03208542091065513,0.007040244603357466,0,4.855293959264099,4.853296768947486,9.911591037319518,9.911591037319518,4.7406016153472175,4.741422840305353,95.25841453500095,96.83894302333398,0,-1
2023-06-23 01:45:00,2023-06-23 01:59:59,4.871,4.89,4.865,4.89,4.843740451769099,4.879,4.865,4.89,True,0.031579319417036865,0.009856429140085835,0,4.854295364105792,4.852820044275441,15.101460290500725,15.101460290500725,4.741978713701972,4.742901220003808,95.25841453500095,95.25841453500095,0,-1
2023-06-23 02:00:00,2023-06-23 02:14:59,4.89,4.869,4.866,4.893,4.861370225884549,4.8795,4.866,4.893,True,0.03125222517296281,0.009896844236946525,0,4.853557704190616,4.852627768457995,13.707327011316508,13.707327011316508,4.743347084709912,4.744155934232626,100.00000000000004,96.83894302333398,1,2
2023-06-23 02:15:00,2023-06-23 02:29:59,4.869,4.861,4.859,4.87,4.870435112942275,4.86475,4.859,4.870435112942275,True,0.029805637660608335,0.009016095321418798,0,4.853092736324306,4.852559559754669,11.132154397303204,11.132154397303204,4.7445550739167786,4.745318561752699,93.59431956175486,96.28424469891861,0,2
2023-06-23 02:30:00,2023-06-23 02:44:59,4.861,4.848,4.837,4.869,4.867592556471138,4.85375,4.837,4.869,True,0.02996237782770774,0.0072217522033601565,0,4.852826148039487,4.85251402624893,6.868725294686314,6.868725294686314,4.745641590594223,4.746340267605905,82.85468694944338,92.14966883706609,0,1
2023-06-23 02:45:00,2023-06-23 02:59:59,4.847,4.857,4.835,4.858,4.860671278235569,4.8492500000000005,4.835,4.860671278235569,True,0.029465065125728596,0.00641408562300094,0,4.852670087144208,4.8524557827083985,5.779911445778232,5.779911445778232,4.746672520041047,4.747441359470523,70.25704290276974,82.23534980465598,0,2
2023-06-23 03:00:00,2023-06-23 03:14:59,4.856,4.841,4.837,4.857,4.854960639117785,4.84775,4.837,4.857,True,0.028788989045319447,0.004555840518993912,0,4.852562934926303,4.852377640485521,1.8652455669659886,0.0,4.74767826611029,4.748372291217085,62.38985379827863,71.83386121683058,0,-2
2023-06-23 03:15:00,2023-06-23 03:29:59,4.842,4.843,4.839,4.859,4.851355319558892,4.84575,4.839,4.859,True,0.028161204113510887,0.0033286432590302426,0,4.852470287705913,4.852270645901915,-0.2581581327032936,-0.0,4.7486541042584465,4.749313860458706,57.42339226279908,63.356762987949146,0,-2
2023-06-23 03:30:00,2023-06-23 03:44:59,4.844,4.86,4.839,4.86,4.848552659779446,4.850750000000001,4.839,4.86,True,0.02764968953397439,0.00358767330948558,0,4.852370466803914,4.852175975065752,2.1429041276034226,0.0,4.749669983818064,4.7504152150810075,51.996345721673094,57.2698639275836,0,-1
2023-06-23 03:45:00,2023-06-23 03:59:59,4.86,4.85,4.839,4.862,4.849651329889723,4.85275,4.839,4.862,True,0.027317568852976197,0.0029386788950081545,0,4.852273220934833,4.852105378472163,1.2923722987247146,0.0,4.75069565562087,4.751406108463286,44.01665887023048,51.14546561823422,0,-2
2023-06-23 04:00:00,2023-06-23 04:14:59,4.85,4.849,4.83,4.853,4.851200664944862,4.8454999999999995,4.83,4.853,True,0.02700917107776359,0.002344102406064555,0,4.8521892997034985,4.8520044773566475,0.47309687108497656,0.0,4.751638982430612,4.7523771919611635,30.314811537780155,42.10927204322791,0,-2
2023-06-23 04:15:00,2023-06-23 04:29:59,4.848,4.831,4.83,4.851,4.848350332472431,4.84,4.83,4.851,True,0.026579944572209042,0.0006418626510826565,0,4.852096888530073,4.8518426737178,-4.108496421087935,-4.108496421087935,4.75251819653578,4.7531595084590625,15.00616879224644,29.779213066752362,-1,-2
2023-06-23 04:30:00,2023-06-23 04:44:59,4.83,4.847,4.824,4.848,4.844175166236216,4.83725,4.824,4.848,True,0.026395662817051253,0.0006302924099939296,0,4.851969781123937,4.851615163314537,-2.75222920220223,-0.0,4.753361299057812,4.7540932446933,3.9253918530920138,16.415457394372876,0,-1
2023-06-23 04:45:00,2023-06-23 04:59:59,4.846,4.862,4.844,4.864,4.840712583118108,4.854,4.844,4.864,True,0.02593882975869042,0.0016427107676355336,0,4.851792472219237,4.851452405289913,1.3288187950707808,0.0,4.7543626791666895,4.755166943751078,15.55398459074351,11.495181745360659,1,-1
2023-06-23 05:00:00,2023-06-23 05:14:59,4.862,4.855,4.848,4.863,4.847356291559054,4.857,4.848,4.863,True,0.02515748477592686,0.00176046017751135,0,4.851622438754575,4.851362327151898,2.138300643371757,0.0,4.755383946040653,4.756160307494849,33.62120309202502,17.700193178620186,0,-1
2023-06-23 05:15:00,2023-06-23 05:29:59,4.855,4.83,4.828,4.856,4.852178145779527,4.84225,4.828,4.856,True,0.025360521577646337,5.733208165010096e-05,0,4.851492382953237,4.851228887745456,-2.560000462826551,-0.0,4.75624828488602,4.756895030803357,38.22788964190486,29.13435910822447,-1,-2
2023-06-23 05:30:00,2023-06-23 05:44:59,4.829,4.837,4.827,4.843,4.847214072889764,4.834,4.827,4.847214072889764,True,0.02469191289352874,-0.0005523899761989935,0,4.851360635349346,4.8510056214700885,-3.84521563354312,-0.0,4.757021933792626,4.757692095173473,22.673905051161395,31.507665928363764,0,-2
2023-06-23 05:45:00,2023-06-23 05:59:59,4.836,4.855,4.835,4.855,4.840607036444881,4.84525,4.835,4.855,True,0.024356776258276723,0.0003273712926796816,0,4.851183128409717,4.8507903526771665,-0.6348525605608728,-0.0,4.7578998249986695,4.758660333032443,21.78427678184738,27.56202382497122,0,-1
2023-06-23 06:00:00,2023-06-23 06:14:59,4.854,4.849,4.838,4.855,4.842928518222441,4.849,4.838,4.855,True,0.02383129223982841,0.00048438087371565275,0,4.8509867405434415,4.850608586319259,0.024771700312477662,0.0,4.758806294401667,4.7595592351913245,39.78039864725819,28.079526826755664,0,-1
2023-06-23 06:15:00,2023-06-23 06:29:59,4.849,4.833,4.832,4.852,4.84596425911122,4.8415,4.832,4.852,True,0.023557628508412125,-0.000519445157880368,0,4.85079766343135,4.850402985798579,-3.0107282606887864,-0.0,4.759629117342945,4.760289989070018,51.35350628526627,37.639393904790616,0,-2
2023-06-23 06:30:00,2023-06-23 06:44:59,4.832,4.84,4.821,4.841,4.84373212955561,4.8335,4.821,4.84373212955561,True,0.02330351218638272,-0.0006507262777641345,0,4.850600324614964,4.850125142604433,-3.1371820094306813,-0.0,4.760364151001224,4.761083123507133,34.70207896605898,41.94532796619448,0,-2
2023-06-23 06:45:00,2023-06-23 06:59:59,4.841,4.814,4.804,4.844,4.8386160647778045,4.82575,4.804,4.844,True,0.02449611845878396,-0.002473780879912856,0,4.850362733609699,4.849739155303353,-7.8886192250999585,-7.8886192250999585,4.761014756463898,4.761609659591639,12.099270550768333,32.71828526736453,0,-2
2023-06-23 07:00:00,2023-06-23 07:14:59,4.813,4.831,4.809,4.832,4.832183032388903,4.82125,4.809,4.832183032388903,True,0.02438925285458508,-0.0023561571417146958,0,4.850050944456526,4.849239798884125,-6.771521303975092,-6.771521303975092,4.761614112120974,4.762300110739981,0.5261629127602466,15.77583747652919,0,-2
2023-06-23 07:15:00,2023-06-23 07:29:59,4.832,4.84,4.832,4.848,4.826716516194452,4.838,4.832,4.848,True,0.023861449079257534,-0.0015338311551596172,0,4.849645371670325,4.848769535090022,-4.062014324779419,-0.0,4.762374170706835,4.763073243966449,19.33170809927272,10.652380520933772,0,-1
2023-06-23 07:30:00,2023-06-23 07:44:59,4.839,4.827,4.826,4.842,4.832358258097226,4.8335,4.826,4.842,True,0.02329991700216771,-0.0017988815655453488,0,4.849207453380174,4.848294527848421,-4.9566908551336155,-0.0,4.763081890401294,4.763709331091161,34.35633342461742,18.071401478883466,0,-2
2023-06-23 07:45:00,2023-06-23 07:59:59,4.828,4.822,4.82,4.833,4.832929129048614,4.82575,4.82,4.833,True,0.02256420864487001,-0.002203545503011684,0,4.848750990614298,4.847765871870225,-6.531806197370351,-6.531806197370351,4.763705453680883,4.764289337746971,42.211388286424274,31.96647660343814,0,-2
2023-06-23 08:00:00,2023-06-23 08:14:59,4.821,4.849,4.817,4.856,4.829339564524307,4.83575,4.817,4.856,True,0.02373819374166499,-0.00048242193507543486,0,4.848258431242262,4.847267215641283,-1.504600385426187,-0.0,4.764422314838287,4.7651322299086925,41.91102452115599,39.492915410732564,0,-1
2023-06-23 08:15:00,2023-06-23 08:29:59,4.848,4.848,4.84,4.853,4.832544782262154,4.84725,4.84,4.853,True,0.022971179902974627,0.0006166010221773845,0,4.847762823441773,4.846874501967785,1.5854421998571269,0.0,4.765246470909547,4.765956784834974,57.384059938944745,47.16882424884167,0,-1
2023-06-23 08:30:00,2023-06-23 08:44:59,4.848,4.865,4.846,4.866,4.8398973911310765,4.85625,4.846,4.866,True,0.022758952767047837,0.002497352021589865,0,4.8473186627047795,4.846629641617859,6.6668569940906295,6.6668569940906295,4.766151978661691,4.766942289463482,82.86233841047122,60.71914095685732,0,-1
2023-06-23 08:45:00,2023-06-23 08:59:59,4.866,4.874,4.854,4.878,4.848073695565539,4.867999999999999,4.854,4.878,True,0.022847598997972996,0.004246423511107812,0,4.846974152161319,4.8465834847274865,11.381109248399689,11.381109248399689,4.7671653918093355,4.768007540314591,97.16432740980015,79.13690858640537,1,2
2023-06-23 09:00:00,2023-06-23 09:14:59,4.873,4.87,4.853,4.874,4.858036847782769,4.8675,4.853,4.874,True,0.02271562764097492,0.004933468918354304,0,4.846778818444403,4.846690654621842,13.104373567681797,13.104373567681797,4.76816374611969,4.769022390659719,99.58042599900396,93.20236393975846,0,2
2023-06-23 09:15:00,2023-06-23 09:29:59,4.871,4.876,4.864,4.882,4.862768423891384,4.8732500000000005,4.864,4.882,True,0.022378797095190982,0.005580694658341011,0,4.846734736533122,4.846957255587573,15.342349479122987,15.342349479122987,4.769209380486658,4.770086844484001,99.58042599900396,98.7750598026027,0,2
2023-06-23 09:30:00,2023-06-23 09:44:59,4.875,4.873,4.865,4.882,4.868009211945692,4.87375,4.865,4.882,True,0.0219945973026773,0.005546862454257189,0,4.846845996060348,4.8473509791225995,15.545842961012141,15.545842961012141,4.770249585655945,4.771110855981672,99.58042599900396,99.58042599900398,0,2
2023-06-23 09:45:00,2023-06-23 09:59:59,4.874,4.864,4.861,4.875,4.870879605972846,4.8685,4.861,4.875,True,0.02142355463820037,0.004653739764142996,0,4.847098487591474,4.847806065205081,12.027953105832168,12.027953105832168,4.7712272017190696,4.772035126071407,95.34037106730206,98.16707435510334,0,1
2023-06-23 10:00:00,2023-06-23 10:14:59,4.864,4.856,4.837,4.871,4.869689802986423,4.856999999999999,4.837,4.871,True,0.022321872164043247,0.003306132342185048,0,4.847452276398277,4.848227437848372,6.922522641860134,6.922522641860134,4.772080662398482,4.772870597453782,81.35897174569568,92.09325627066723,0,1
2023-06-23 10:15:00,2023-06-23 10:29:59,4.856,4.867,4.856,4.873,4.863344901493211,4.8629999999999995,4.856,4.873,True,0.021941738438040183,0.0030226508270875256,0,4.847839857123325,4.848660542980237,7.053823703975773,7.053823703975773,4.772985332424367,4.773807208424391,71.29256956124887,82.66397079141552,0,2
2023-06-23 10:30:00,2023-06-23 10:44:59,4.868,4.865,4.863,4.872,4.863172450746605,4.867,4.863,4.872,True,0.0210173285496087,0.0025435235159972265,0,4.848250200051781,4.849127357874928,6.3463228670729634,6.3463228670729634,4.773920801753478,4.774714599385343,67.11489871823254,73.25548000839235,0,1
2023-06-23 10:45:00,2023-06-23 10:59:59,4.865,4.872,4.861,4.872,4.865086225373302,4.8675,4.861,4.872,True,0.020301805081779516,0.0025724072127859907,0,4.848688778963354,4.849620940388073,8.109651657304845,8.109651657304845,4.7748519380544385,4.775682613321806,72.64446684342705,70.35064504096948,0,2
2023-06-23 11:00:00,2023-06-23 11:14:59,4.872,4.871,4.865,4.874,4.866293112686651,4.8705,4.865,4.874,True,0.019494533290223798,0.0023756674814038384,0,4.849154859675714,4.850152793924919,8.774247074374365,8.774247074374365,4.775803660063847,4.776631045030047,76.65580555666035,72.13839037277332,0,2
2023-06-23 11:15:00,2023-06-23 11:29:59,4.871,4.883,4.87,4.888,4.868396556343326,4.878,4.87,4.888,True,0.019387780912350654,0.0029294384399425385,0,4.849653826800317,4.850762587402985,12.72407722015678,12.72407722015678,4.776820539068186,4.777689442591937,85.06983411811015,78.12336883939919,0,2
2023-06-23 11:30:00,2023-06-23 11:44:59,4.884,4.873,4.87,4.888,4.873198278171663,4.87875,4.87,4.888,True,0.01928865370432559,0.0024302201632298943,0,4.850208207101652,4.851434705510739,10.445032830509462,10.445032830509462,4.777834762560045,4.778637806347241,93.52166531452201,85.08243499643083,0,1
2023-06-23 11:45:00,2023-06-23 11:59:59,4.872,4.874,4.867,4.876,4.875974139085832,4.87225,4.867,4.876,True,0.01855374986830236,0.0020229440012703073,0,4.850821456306195,4.852106683880235,9.284871817512041,9.284871817512041,4.77877421765895,4.779586683896025,83.42727346084861,87.33959096449358,0,1
2023-06-23 12:00:00,2023-06-23 12:14:59,4.874,4.865,4.861,4.876,4.874112069542916,4.869000000000001,4.861,4.876,True,0.018299910591995087,0.0010043800481199724,0,4.851464070093215,4.852751643290317,4.547620834847756,0.0,4.779671986637468,4.780436567638353,59.96402745315722,78.97098874284261,0,1
2023-06-23 12:15:00,2023-06-23 12:29:59,4.866,4.861,4.859,4.878,4.871556034771459,4.866,4.859,4.878,True,0.018349916978281162,-2.2451393435668314e-05,0,4.852107856691766,4.853350322185799,-0.1156968717966862,-0.0,4.780530971845056,4.7812381938310065,28.956231003241687,57.44917730574917,0,1
2023-06-23 12:30:00,2023-06-23 12:44:59,4.862,4.882,4.861,4.885,4.868778017385729,4.8725000000000005,4.861,4.885,True,0.018753494336975367,0.0007057969864421622,0,4.852729089438783,4.85395305344529,4.442117465149302,0.0,4.781446086553065,4.782240798867514,26.816294980032627,38.57885114547717,0,2
2023-06-23 12:45:00,2023-06-23 12:59:59,4.882,4.899,4.881,4.899,4.870639008692865,4.89025,4.881,4.899,True,0.01869967331290568,0.0022606232958779313,0,4.853341071442037,4.85467662365854,10.799215934840937,10.799215934840937,4.782528712557512,4.78340258196336,50.70281220198853,35.491779395087605,0,2
2023-06-23 13:00:00,2023-06-23 13:14:59,4.899,4.888,4.886,4.907,4.880444504346432,4.895,4.886,4.907,True,0.01886398236198384,0.0023563581984555725,0,4.854008847550289,4.8555229568202005,10.74895003580042,10.74895003580042,4.7836478298454965,4.784443352292083,81.71060865190405,53.07657194464173,0,2
2023-06-23 13:15:00,2023-06-23 13:29:59,4.887,4.886,4.879,4.892,4.887722252173216,4.886,4.879,4.892,True,0.018445126478985052,0.00211774328040518,0,4.854765902185245,4.856398385797767,9.97193048296699,9.97193048296699,4.784666259399272,4.785453866199624,84.95181368904733,72.45507818097995,0,1
2023-06-23 13:30:00,2023-06-23 13:44:59,4.886,4.881,4.874,4.889,4.8868611260866075,4.882499999999999,4.874,4.889,True,0.018199046016200447,0.0014645024652074207,0,4.855582143991507,4.857266702019914,7.518920742496597,7.518920742496597,4.785639729455001,4.786404573998633,63.402414877663546,76.68827907287162,0,1
2023-06-23 13:45:00,2023-06-23 13:59:59,4.882,4.887,4.876,4.888,4.884680563043304,4.88325,4.876,4.888,True,0.017756257015043242,0.001324417184183935,0,4.856424423005711,4.85812860654459,7.860893980817728,7.860893980817728,4.7866109759280855,4.787405523511084,42.752495582074346,63.7022413829284,0,1
2023-06-23 14:00:00,2023-06-23 14:14:59,4.887,4.925,4.886,4.928,4.883965281521652,4.9065,4.886,4.928,True,0.01948795294254014,0.003714515608593035,1,4.857276514775151,4.859139069238669,14.825891365287262,14.825891365287262,4.787803901540741,4.788774622779631,57.800681893027075,54.65186411758831,0,2
2023-06-23 14:15:00,2023-06-23 14:29:59,4.924,4.928,4.918,4.936,4.895232640760826,4.9265,4.918,4.936,True,0.019381670589501545,0.0052270801963845565,0,4.85820779200691,4.860396781244891,19.781857331989684,19.781857331989684,4.789183962221927,4.790159949916152,79.35008070441086,59.96775272650408,0,2
2023-06-23 14:30:00,2023-06-23 14:44:59,4.927,4.925,4.921,4.934,4.910866320380412,4.92675,4.921,4.934,True,0.018925836975965716,0.00568441865248367,0,4.8593022866259,4.861842240397338,21.749287500064085,21.749287500064085,4.790552778518227,4.7915016419567875,100.00000000000006,79.05025419914598,0,2
2023-06-23 14:45:00,2023-06-23 14:59:59,4.926,4.917,4.902,4.926,4.918808160190206,4.91775,4.902,4.926,True,0.019288277191968167,0.005086849721896299,0,4.860572263511619,4.863363847240191,19.56240846014167,19.56240846014167,4.79181842251307,4.7927503818378145,89.84858373619183,89.73288814686758,0,1
2023-06-23 15:00:00,2023-06-23 15:14:59,4.916,4.892,4.889,4.917,4.918279080095103,4.903499999999999,4.889,4.918279080095103,True,0.019910543106827553,0.0026600611517028985,0,4.861968055375905,4.864837195699726,10.670402545615516,10.670402545615516,4.792929681990552,4.793737940227488,65.79015845141089,85.21291406253425,0,1
2023-06-23 15:15:00,2023-06-23 15:29:59,4.892,4.886,4.883,4.899,4.910889540047551,4.890000000000001,4.883,4.910889540047551,True,0.019631218599197014,0.00045809812803197444,0,4.863402625537816,4.866169816900632,3.460199087698477,0.0,4.793895555801591,4.794655970672985,32.45682511807755,62.69852243522675,0,1
2023-06-23 15:30:00,2023-06-23 15:44:59,4.886,4.881,4.875,4.902,4.900444770023776,4.886,4.875,4.902,True,0.020157560127825807,-0.0014318211381763174,0,4.864786221219224,4.867355055088647,-2.4177267081976836,-0.0,4.794812017932919,4.795515115243403,9.274908048552442,35.840630539346954,0,1
2023-06-23 15:45:00,2023-06-23 15:59:59,4.88,4.883,4.875,4.894,4.893222385011888,4.883,4.875,4.894,True,0.020074877261552545,-0.002552803377586354,0,4.866070638153936,4.868395542409306,-5.523323691567008,-5.523323691567008,4.795689510291795,4.79638561160914,5.210646728907401e-14,13.910577722210009,0,1
2023-06-23 16:00:00,2023-06-23 16:14:59,4.883,4.879,4.866,4.887,4.888111192505944,4.87875,4.866,4.888111192505944,True,0.02014095745715593,-0.0035335752046322076,0,4.867233090281621,4.869285767984856,-8.65995499395526,-8.65995499395526,4.796515982826205,4.797207645324472,5.210646728907401e-14,3.0916360161841756,0,1
2023-06-23 16:15:00,2023-06-23 16:29:59,4.879,4.893,4.879,4.894,4.883430596252972,4.8862499999999995,4.879,4.894,True,0.019773746210216263,-0.0031396072378085255,0,4.868259429133238,4.870103041513566,-5.126622669715722,-5.126622669715722,4.7974088586189785,4.798160803082438,4.681256902040208,1.5604189673467646,0,1
2023-06-23 16:30:00,2023-06-23 16:44:59,4.893,4.896,4.886,4.899,4.884840298126486,4.8935,4.886,4.899,True,0.019289907195200805,-0.0026236760929890905,0,4.869181235323403,4.870907014727329,-1.7676599032167957,-0.0,4.798364989378989,4.799134327429877,13.58418190032321,6.088479600787817,0,2
2023-06-23 16:45:00,2023-06-23 16:59:59,4.896,4.892,4.89,4.904,4.8891701490632435,4.8955,4.89,4.904,True,0.018912056681257904,-0.0025277727227053758,0,4.870044125025366,4.871708722525284,-1.1967741283496167,-0.0,4.799331506897606,4.8000583639728625,23.63254334234236,13.965994048235252,0,-2
2023-06-23 17:00:00,2023-06-23 17:14:59,4.893,4.897,4.888,4.903,4.892335074531622,4.89525,4.888,4.903,True,0.018632624061168033,-0.0020864661992400415,0,4.870876423775325,4.872501430911494,1.1894685017287472,0.0,4.800285919764296,4.801022957366167,28.812611267166613,22.00977883661072,0,2
2023-06-23 17:15:00,2023-06-23 17:29:59,4.897,4.877,4.87,4.902,4.893792537265811,4.886500000000001,4.87,4.902,True,0.01958743662822746,-0.0031525389648142596,0,4.871688927343409,4.873221580869683,-4.04485674256464,-4.04485674256464,4.80114377130893,4.801778947840136,23.382034524619414,25.27572971137612,0,-2
2023-06-23 17:30:00,2023-06-23 17:44:59,4.877,4.867,4.862,4.879,4.890146268632906,4.87125,4.862,4.890146268632906,True,0.019402619726211174,-0.00445445280539411,0,4.872455254106546,4.8737750328548115,-9.66373081984758,-9.66373081984758,4.8018413457237665,4.802427913533268,13.333673082600265,21.84277295812876,0,-2
2023-06-23 17:45:00,2023-06-23 17:59:59,4.867,4.902,4.856,4.902,4.880698134316453,4.88175,4.856,4.902,True,0.021302432602910395,-0.00275740498439141,0,4.873115143480678,4.874265486250618,-3.234353759200552,-3.234353759200552,4.80263645671159,4.803418680562788,9.504563482184798,15.406757029801485,0,-1
2023-06-23 18:00:00,2023-06-23 18:14:59,4.902,4.908,4.889,4.915,4.881224067158227,4.9035,4.889,4.915,True,0.021637973131273924,-0.0011817001709102295,0,4.873690314865647,4.874852203512492,2.146911098275332,0.0,4.803640074057744,4.804459290706442,25.9745338718612,16.270923478882082,0,-1
2023-06-23 18:15:00,2023-06-23 18:29:59,4.907,4.894,4.89,4.92,4.892362033579113,4.902749999999999,4.89,4.92,True,0.022235260764754374,-0.001124692521802289,0,4.874271259189069,4.875505538691137,1.8435944067951766,0.0,4.80462624247508,4.80535024303772,55.32297966007957,30.26735900470852,0,-2
2023-06-23 18:30:00,2023-06-23 18:44:59,4.894,4.93,4.891,4.93,4.897556016789556,4.91125,4.891,4.93,True,0.02343274213870047,0.0013782790539673372,0,4.874888398940102,4.8762651590894786,7.559340890447295,7.559340890447295,4.805687175385776,4.806590539126898,82.62409776696396,54.64053709963491,0,2
2023-06-23 18:45:00,2023-06-23 18:59:59,4.929,4.911,4.904,4.931,4.9044030083947785,4.91875,4.904,4.931,True,0.02368754627165045,0.0015765840461774618,0,4.875576779014789,4.877154704760973,7.060679451195007,0.0,4.806812178615768,4.807629439235088,96.01511245488507,77.98739662730954,0,2
2023-06-23 19:00:00,2023-06-23 19:14:59,4.911,4.919,4.908,4.925,4.91157650419739,4.91575,4.908,4.925,True,0.02320986439510395,0.0021248026083119757,0,4.876365741887881,4.878119855094029,7.994898430745586,7.994898430745586,4.807896137037502,4.808737604018818,97.11953873311116,91.91958298498673,0,2
2023-06-23 19:15:00,2023-06-23 19:29:59,4.919,4.922,4.906,4.924,4.913663252098695,4.91775,4.906,4.924,True,0.022837731224025142,0.0025283109020765113,0,4.877242798490955,4.879151629678072,9.118904152562003,9.118904152562003,4.80898921030081,4.809864593033556,95.48099752689592,96.20521623829738,0,2
2023-06-23 19:30:00,2023-06-23 19:44:59,4.921,4.919,4.918,4.932,4.915706626049348,4.922499999999999,4.918,4.932,True,0.022206464708023364,0.002404586452566899,0,4.878197214084514,4.880261368984012,8.988242166408753,8.988242166408753,4.810118670894832,4.8109505174809835,95.48099752689592,96.02717792896766,0,2
2023-06-23 19:45:00,2023-06-23 19:59:59,4.918,4.922,4.915,4.928,4.9191033130246735,4.92075,4.915,4.928,True,0.02154886008602169,0.002353047586031996,0,4.879229291534263,4.881412869610926,9.576494687083255,9.576494687083255,4.81121948013966,4.812055487456297,96.48805582972422,95.81668362783869,0,2
2023-06-23 20:00:00,2023-06-23 20:14:59,4.923,4.929,4.919,4.943,4.919926656512336,4.9285,4.919,4.943,True,0.021723941508448714,0.0026209369025207863,0,4.880321080572594,4.882642521942503,11.549549023083046,11.549549023083046,4.812386450486529,4.813219114446781,98.12659703593947,96.6985501308532,0,2
2023-06-23 20:15:00,2023-06-23 20:29:59,4.929,4.901,4.898,4.936,4.924213328256168,4.916,4.898,4.936,True,0.022886517114988108,0.0006790395534938994,0,4.881481801257549,4.883839503644774,4.850348177520161,0.0,4.813417431078703,4.814092556094077,86.30319595983,93.63928294183124,0,1
2023-06-23 20:30:00,2023-06-23 20:44:59,4.9,4.878,4.863,4.905,4.920106664128085,4.886500000000001,4.863,4.920106664128085,True,0.024251765892488945,-0.002262616786553026,0,4.882660652451162,4.884800149591195,-3.2871831329207026,-3.2871831329207026,4.814144620819214,4.814728451058315,56.312368639506275,80.24738721175859,0,-2
2023-06-23 20:45:00,2023-06-23 20:59:59,4.879,4.9,4.874,4.907,4.903303332064043,4.89,4.874,4.907,True,0.02487663975731119,-0.002629165198935801,0,4.883730401021179,4.885592149404304,-3.293076276167419,-3.293076276167419,4.8148994007115595,4.815576924182112,26.869271845946653,56.49494548176099,0,-2
2023-06-23 21:00:00,2023-06-23 21:14:59,4.9,4.925,4.899,4.927,4.896651666032021,4.91275,4.899,4.927,True,0.025099736917503217,-0.0011043634302671194,0,4.884661275212742,4.88640202816348,0.997140362338385,0.0,4.8158730385154245,4.816665711006171,22.140240014913207,35.10729350012206,0,2
2023-06-23 21:15:00,2023-06-23 21:29:59,4.925,4.92,4.91,4.928,4.90470083301601,4.92075,4.91,4.928,True,0.024592612851967257,-0.00048054617345425106,0,4.885531651688111,4.8872753150207835,2.7685614983967426,0.0,4.816916590370992,4.817693912886706,41.647764966632124,30.219092275830675,0,2
2023-06-23 21:30:00,2023-06-23 21:44:59,4.92,4.905,4.884,4.92,4.912725416508005,4.9072499999999994,4.884,4.92,True,0.025407426219683855,-0.0011521808269824314,0,4.886403483354448,4.88809990748634,0.8555900456281407,0.0,4.817815430267798,4.8185626301714155,49.968790562485594,37.918931848010324,0,-2
2023-06-23 21:45:00,2023-06-23 21:59:59,4.906,4.891,4.856,4.906,4.909987708254002,4.88975,4.856,4.909987708254002,True,0.027164038632563565,-0.002560757231850187,0,4.887251695420394,4.8887604363229515,-2.8627466225430283,-0.0,4.818531197130805,4.819283400020456,35.733611863120636,42.4500557974128,0,-2
2023-06-23 22:00:00,2023-06-23 22:14:59,4.89,4.914,4.873,4.921,4.899868854127002,4.8995,4.873,4.921,True,0.028652321587380458,-0.0018412231471918276,0,4.888006065871673,4.889354160149217,-0.6177538593708363,-0.0,4.819336856860847,4.820225853751596,22.976346756332543,36.22624972731294,0,-1
2023-06-23 22:15:00,2023-06-23 22:29:59,4.915,4.954,4.912,4.959,4.899684427063501,4.935,4.912,4.959,True,0.02996287004542469,0.0013906142675425594,0,4.888680113010446,4.890134782097175,5.938738359696984,0.0,4.820487733907008,4.821556939783918,35.324964955858924,31.34497452510405,0,2
2023-06-23 22:30:00,2023-06-23 22:44:59,4.955,4.967,4.936,4.975,4.91734221353175,4.95825,4.936,4.975,True,0.030608379327894335,0.0042479308260114056,0,4.889407447553811,4.891216714079549,11.483103002807141,11.483103002807141,4.821858502723853,4.823004134412934,65.24637853986498,41.18256341735216,0,2
2023-06-23 22:45:00,2023-06-23 22:59:59,4.967,4.986,4.955,4.988,4.937796106765875,4.974,4.955,4.988,True,0.030779209375901905,0.007139313677925082,0,4.89031208081668,4.892636508116584,16.69986475063253,16.69986475063253,4.8233723484678945,4.824625983821761,90.36034897931846,63.643897491680804,0,2
2023-06-23 23:00:00,2023-06-23 23:14:59,4.987,5.037,4.979,5.038,4.9558980533829375,5.01025,4.979,5.038,True,0.03279498013476607,0.012105533934080712,0,4.891474294466632,4.894561275578904,22.836537731775834,22.836537731775834,4.825231827587617,4.826739158112092,99.13380197749824,84.91350983222725,0,2
2023-06-23 23:15:00,2023-06-23 23:29:59,5.036,5.018,5.001,5.07,4.983074026691469,5.03125,5.001,5.07,True,0.03538105298228277,0.01337046279611705,0,4.893017785022768,4.89701448855127,23.10032162815253,23.10032162815253,4.827281759651422,4.828642251066201,100.00000000000004,96.49805031893895,0,2
2023-06-23 23:30:00,2023-06-23 23:44:59,5.018,5.043,5.012,5.069,5.007162013345734,5.0355,5.012,5.069,True,0.03692526348354831,0.015180914272727334,0,4.895016136787019,4.899896078259865,24.819879174073677,24.819879174073677,4.829353582938473,4.830775163990915,100.00000000000004,99.71126732583281,0,2
2023-06-23 23:45:00,2023-06-23 23:59:59,5.043,5.085,5.039,5.109,5.021331006672867,5.069,5.039,5.109,True,0.03928774466329488,0.018403706362385867,0,4.897456107523442,4.903325006841693,27.861048827364087,27.861048827364087,4.831738124401771,4.833304764349214,100.00000000000004,100.00000000000007,0,2
